0.000708309 0.0445332 1.9479e-06 1.86369e-06 1.75712e-06 1.00498e-06 8.08243e-05 1.34565e-06 8.21582e-05 1.78593e-06 2.15388e-06 1.26591e-06 1.69323e-06 0.00015287 0.000499359 0.953509 1.72825e-06 1.51136e-06 0.000332931 8.30253e-05
9.68332e-07 0.012598 1.02507e-06 0.0048317 9.24677e-07 0.060728 0.0394776 7.08141e-07 0.000126625 9.39838e-07 0.568955 0.00269766 8.91053e-07 0.0730065 0.204978 3.99378e-05 0.00184918 0.0301261 0.000107689 0.000472835
0.000215026 0.00900085 0.000330015 0.000197789 0.000696908 0.000170265 0.000259384 8.61017e-07 1.20407e-06 1.14273e-06 3.65864e-05 0.00829032 7.98033e-05 0.0964818 0.00640794 0.00112443 0.0971872 6.47391e-05 1.02401e-06 0.779453
0.00200078 0.00196411 7.81093e-07 0.000109927 1.78608e-05 0.000124693 0.000223669 0.00295494 0.881257 0.00703019 0.00752651 5.07621e-07 0.00686395 0.0474622 5.85024e-07 7.01965e-07 0.00569206 0.000162864 6.41741e-07 0.0366058
5.25537e-07 9.5443e-06 0.00992754 0.0121087 0.00066777 0.000247969 0.000103082 3.84325e-07 0.000256413 5.10073e-07 0.836216 0.00969863 4.83596e-07 0.0995314 2.95988e-05 4.458e-05 0.00556909 0.00285348 0.0224584 0.000275422
8.40351e-07 0.000799772 8.89592e-07 8.59644e-05 8.02467e-07 0.000138149 8.45451e-07 6.14549e-07 8.59406e-07 0.000734877 9.83663e-07 5.78133e-07 7.73286e-07 0.00081392 0.000200553 7.99473e-07 0.996307 6.90227e-07 7.30883e-07 0.000909991
1.27651e-05 1.10342e-05 1.35131e-05 0.0142347 1.21896e-05 6.97179e-06 1.28426e-05 9.33512e-06 1.30545e-05 1.23895e-05 1.4942e-05 8.78194e-06 1.17464e-05 0.00309552 1.0121e-05 0.982474 1.19893e-05 1.04847e-05 1.11023e-05 1.25549e-05
7.18852e-09 6.2138e-09 7.60973e-09 7.28075e-09 6.86444e-09 0.178637 7.23214e-09 5.25697e-09 5.36483e-06 6.97699e-09 0.00331608 2.70798e-06 6.61483e-09 3.47946e-09 5.69955e-09 6.83883e-09 6.75164e-09 0.12871 0.689329 7.07014e-09
0.000148089 0.00115971 0.000156766 1.72354e-06 0.0269629 0.092102 0.000160317 0.0228871 1.74029e-06 0.0967251 0.00012062 1.17072e-06 0.00934851 0.00360896 0.746344 0.000237301 1.59829e-06 2.9139e-05 1.48004e-06 1.67369e-06
0.00124013 0.000287466 0.00192418 2.56642e-06 2.41967e-06 0.00112792 0.000998634 1.85305e-06 2.59136e-06 2.45935e-06 0.00164478 1.74324e-06 0.13992 1.22649e-06 0.000917843 2.41065e-06 2.37991e-06 2.08124e-06 0.84945 0.00246788
0.000215586 0.00174343 0.00100637 0.0018028 0.000104312 0.914765 0.0014332 2.11139e-06 0.0056974 0.000577733 0.000376838 1.98627e-06 0.000458477 0.0669038 2.28915e-06 2.74673e-06 0.00489868 2.37139e-06 2.51107e-06 2.83963e-06
0.412336 3.46706e-07 6.89135e-06 0.000154154 0.00561214 0.00460594 0.0979775 2.93318e-07 5.68618e-05 3.89289e-07 0.000143482 0.031146 0.00824928 0.124943 0.000262916 0.0496216 0.00017806 0.206167 0.000226588 0.058312
0.000622164 8.82504e-06 1.08076e-05 1.03404e-05 9.7491e-06 5.57595e-06 0.993614 7.46611e-06 1.04409e-05 9.90895e-06 1.19504e-05 7.02369e-06 9.39459e-06 0.00237459 0.00324114 9.71273e-06 9.58889e-06 8.38552e-06 8.87944e-06 1.00412e-05
0.000856557 4.09131e-07 5.01042e-07 0.000560203 4.51971e-07 2.58503e-07 4.76181e-07 3.46131e-07 0.257585 4.51572e-05 0.000752114 0.739983 0.000212323 2.29096e-07 3.75272e-07 4.50285e-07 4.44544e-07 3.88755e-07 4.11653e-07 4.65515e-07
0.00156383 1.10811e-05 0.00659574 0.00401009 0.00175387 0.000299106 0.002378 1.29297e-07 0.000576598 0.00206685 0.00221062 0.0149814 0.000211447 0.000959483 0.0121755 0.000574906 0.00397851 0.00863537 4.1374e-05 0.936976
0.0292797 5.4278e-08 5.53314e-05 2.60642e-05 0.00138818 0.895278 6.31733e-08 8.25925e-06 9.90917e-06 2.18623e-05 8.34037e-05 0.00390144 5.7781e-08 0.0587128 0.00641316 0.00480299 5.89761e-08 1.05941e-05 8.42727e-06 6.17582e-08
2.928e-07 0.000126802 3.09957e-07 0.00017823 0.000811119 1.59916e-07 0.996821 2.14125e-07 6.01873e-05 0.000284468 0.00027453 0.000503791 2.69433e-07 1.41724e-07 2.32152e-07 2.78557e-07 2.75005e-07 0.000649571 2.54658e-07 0.000288267
0.464173 0.000823045 2.1907e-07 0.000188849 0.000118767 1.13025e-07 0.533659 1.51338e-07 2.11636e-07 2.00855e-07 2.42236e-07 0.000811654 1.92333e-05 1.00167e-07 1.6408e-07 1.96877e-07 1.94367e-07 1.69975e-07 1.79987e-07 0.00020374
5.97939e-07 7.54101e-05 6.32975e-07 6.05611e-07 5.70983e-07 0.31105 6.01568e-07 4.37273e-07 6.11497e-07 5.80344e-07 6.9991e-07 0.631657 5.5022e-07 0.000338906 0.00105764 5.68852e-07 0.000258693 4.9112e-07 4.5122e-05 0.0555098
0.000220756 0.0152361 0.0120507 0.00377123 9.686e-07 0.00101691 0.000521743 5.21327e-05 1.03733e-06 5.86981e-05 0.000105593 0.00420719 7.693e-05 0.93763 3.9264e-05 9.64987e-07 0.00257833 0.0114602 2.12553e-05 0.0109501
1.00696e-06 0.00314777 0.000131754 8.26953e-05 5.44451e-05 0.00800091 3.78019e-05 7.36388e-07 1.02979e-06 0.000164059 0.000237161 0.936044 0.000181312 0.04419 7.98385e-07 0.00110436 0.00012735 9.28329e-05 4.9928e-05 0.00634959
4.72118e-06 4.08102e-06 4.99782e-06 4.78175e-06 4.50834e-06 0.157436 0.000684877 3.4526e-06 4.82823e-06 4.58226e-06 5.52632e-06 0.0933105 0.123147 0.000469739 0.623749 4.49152e-06 4.43425e-06 3.87777e-06 4.10618e-06 0.00114446
0.00154005 7.97323e-07 0.00131326 0.0986555 8.8081e-07 0.325471 9.27991e-07 6.74547e-07 0.000242734 8.95252e-07 0.333654 6.34575e-07 0.00249617 6.28679e-05 0.236471 8.77524e-07 8.66335e-07 7.57613e-07 8.02238e-07 8.54659e-05
1.672e-06 1.44529e-06 0.00257265 0.000246216 1.59662e-06 0.000185514 0.000131224 8.36152e-05 0.00727104 0.00223467 1.95714e-06 1.15028e-06 0.0016482 0.0117707 0.13256 1.59067e-06 0.840624 1.37331e-06 0.000659382 1.64447e-06
0.000213901 0.000422962 7.80681e-07 0.000396618 7.04222e-07 0.000298322 0.000344817 5.39311e-07 0.0280282 0.147055 8.63235e-07 5.07353e-07 6.78614e-07 0.0489652 0.773614 7.01595e-07 6.9265e-07 6.05724e-07 0.000534366 0.000120527
6.49845e-06 5.61731e-06 6.87923e-06 6.58183e-06 6.20549e-06 3.5492e-06 6.53789e-06 4.75232e-06 6.6458e-06 6.30723e-06 7.60668e-06 4.47071e-06 5.97984e-06 3.14545e-06 5.15242e-06 0.999891 6.10351e-06 5.33754e-06 5.65193e-06 6.39144e-06
1.02933e-06 8.89764e-07 1.08965e-06 1.04254e-06 0.984897 5.62182e-07 0.00372914 7.52753e-07 0.0024222 9.99046e-07 1.20487e-06 0.00205434 0.000190384 4.9823e-07 8.16127e-07 0.00176365 0.00493153 8.4545e-07 8.95248e-07 1.01238e-06
1.45172e-06 0.72883 0.00103979 0.000622313 0.0736106 0.000553632 0.00020117 1.06165e-06 0.000907263 0.0801045 1.6993e-06 0.00100204 0.0110139 0.0756997 1.15103e-06 0.00220703 0.00844238 0.00285913 0.000534392 0.0123667
0.000948176 0.000512837 1.90062e-06 0.694261 1.71448e-06 0.302677 1.80632e-06 1.31299e-06 1.83613e-06 1.74259e-06 2.10161e-06 1.23519e-06 1.65214e-06 0.00130733 1.42353e-06 1.70808e-06 1.68631e-06 0.000270194 1.56154e-06 1.76585e-06
2.02836e-06 1.75332e-06 2.14721e-06 2.05438e-06 1.93691e-06 1.10781e-06 2.04067e-06 0.999965 2.07435e-06 1.96867e-06 2.37427e-06 1.39544e-06 1.86648e-06 9.81787e-07 1.60822e-06 1.92969e-06 1.90508e-06 1.666e-06 1.76413e-06 1.99495e-06
0.0123918 0.0167805 0.877117 8.23636e-07 3.22786e-05 0.0036604 0.0013027 5.94695e-07 0.0214745 0.0256297 0.000466692 3.01009e-05 0.00868092 6.64414e-05 0.00357569 0.0075726 5.88593e-05 6.67928e-07 0.021039 0.0001182
0.00213293 0.00171182 0.0725756 2.98217e-06 0.052613 1.60811e-06 0.000125501 2.15323e-06 3.01115e-06 0.000806813 0.00369907 0.000205547 0.00190826 0.863209 0.000565266 2.80116e-06 2.76545e-06 2.41839e-06 0.000426296 2.8959e-06
0.00237973 0.00019363 0.00015914 1.9749e-07 1.68472e-05 0.000115326 0.004255 4.67926e-06 0.00140421 0.00199872 1.73025e-05 0.00874164 0.000534729 2.90943e-06 0.000167843 0.945865 0.000115265 1.44907e-05 0.034013 1.91778e-07
1.39223e-07 0.000144535 1.47381e-07 8.47466e-05 0.000279321 0.342513 1.40068e-07 1.01814e-07 1.4238e-07 1.35126e-07 1.62966e-07 0.000143767 0.000307597 0.655804 0.000309191 1.32451e-07 1.30762e-07 0.000411781 1.21087e-07 1.3693e-07
2.7168e-06 0.000766546 2.87599e-06 0.0016392 2.59432e-06 0.0170744 2.73329e-06 0.000202632 0.0153759 2.63686e-06 3.18012e-06 0.962742 0.000170814 0.000889182 0.000205089 0.000350613 2.55169e-06 2.23146e-06 0.00055916 2.67206e-06
0.000758818 2.36965e-06 2.90199e-06 0.000189608 2.61777e-06 0.879973 2.758e-06 2.00476e-06 2.80352e-06 2.66069e-06 0.00100185 0.000868812 0.0580875 0.0439229 0.0133179 2.60801e-06 2.57475e-06 0.00124427 0.000443584 0.000167947
2.19983e-06 0.0656864 2.32873e-06 2.22806e-06 0.067277 0.0668872 0.000339463 0.000213458 0.605746 0.000484133 2.57498e-06 0.175192 2.02427e-06 1.06479e-06 0.00137742 0.0128355 2.06614e-06 0.00197285 0.00108171 0.000892344
0.00018365 0.000129362 7.19777e-08 0.000254873 3.25292e-05 3.71354e-08 6.84063e-08 4.97238e-08 0.000146094 0.000112254 7.95891e-08 0.3801 1.2576e-05 0.256575 5.391e-08 6.46861e-08 0.3624 5.5847e-08 5.91365e-08 5.35661e-05
5.79652e-07 0.112643 6.13617e-07 0.00359584 5.5352e-07 3.16583e-07 0.00026743 0.000108184 5.92795e-07 0.000434833 6.78505e-07 0.000476859 0.00148275 0.752871 0.0229885 0.0103039 0.000462812 4.761e-07 5.04144e-07 0.0943604
0.000750191 1.02436e-06 0.01838 1.20025e-06 0.000276224 0.000882487 0.000812709 0.00118063 1.21191e-06 0.00212613 0.971755 0.000211485 1.09047e-06 0.00080932 0.0015998 0.00120702 1.11302e-06 9.73342e-07 1.03067e-06 1.16553e-06
4.24309e-06 3.66776e-06 0.000496657 4.29753e-06 0.000807632 0.997644 4.26884e-06 0.000240323 4.3393e-06 4.11824e-06 4.9667e-06 2.9191e-06 3.90447e-06 0.000382887 0.000371988 4.03669e-06 3.98522e-06 3.48509e-06 3.69037e-06 4.17322e-06
0.0070136 0.0271569 1.28792e-07 1.23224e-07 0.0811568 9.08956e-05 1.22401e-07 8.89721e-08 1.24421e-07 1.18083e-07 1.42411e-07 0.00751643 0.000122538 0.847248 0.000140745 0.000962034 6.25933e-05 0.00897378 0.01856 0.000994574
0.73845 2.86262e-06 3.50571e-06 0.00144661 3.16236e-06 0.0712146 0.00202086 0.000239873 0.000693792 3.21421e-06 3.87642e-06 2.27831e-06 3.04737e-06 0.183263 2.62571e-06 0.000163715 3.1104e-06 0.00247339 2.88027e-06 3.25713e-06
0.000737977 1.08486e-06 1.32858e-06 0.860478 0.00921313 0.02692 1.26265e-06 9.17809e-07 1.28349e-06 1.21811e-06 0.000870467 0.0710265 1.15488e-06 6.07477e-07 9.95079e-07 0.0299269 0.000133577 0.00068178 1.09155e-06 1.23437e-06
0.00353205 5.00476e-06 6.12907e-06 5.8641e-06 0.000427219 0.888498 0.000450102 0.00332261 5.9211e-06 0.0025725 6.7772e-06 0.000328041 5.32776e-06 0.00107154 4.59057e-06 5.50818e-06 0.00100086 0.0982949 5.03561e-06 0.000451987
6.10002e-06 5.2729e-06 6.45745e-06 0.993473 5.82502e-06 0.000668958 0.00244903 4.46095e-06 6.23833e-06 5.92052e-06 0.00142827 0.00117803 5.6132e-06 2.9526e-06 4.83651e-06 5.80329e-06 5.72929e-06 5.01028e-06 5.3054e-06 0.000726713
3.27098e-06 2.82746e-06 3.46264e-06 3.31295e-06 3.12352e-06 1.78648e-06 3.29083e-06 0.0111899 0.0015428 3.17473e-06 0.000817076 0.00090062 0.982241 0.000396624 2.59346e-06 0.00287292 3.07219e-06 2.68664e-06 2.84488e-06 3.21711e-06
0.000117194 0.0155563 0.0779425 0.000207569 1.12679e-06 0.0128891 1.18715e-06 0.00714041 0.793867 0.000146026 0.0701445 0.000123469 0.00021144 0.00302854 0.0116687 1.12259e-06 0.000168101 0.000418214 0.00626614 0.000101087
4.14624e-06 0.00059378 4.38919e-06 0.00242666 3.95932e-06 0.742875 4.1714e-06 0.21297 4.24025e-06 0.00119686 4.85333e-06 6.66972e-05 3.81534e-06 0.000585449 0.0371346 0.000221656 0.00146684 0.000425561 3.60613e-06 4.07796e-06
9.16828e-07 0.0196017 0.0366823 0.00366006 0.0199574 0.764303 0.000260272 1.12141e-05 9.37616e-07 0.0321987 0.000210985 0.00779105 0.0374832 0.0268356 0.000361514 0.00844379 0.0200689 0.0173463 3.20136e-05 0.0047503
0.000968283 8.33048e-07 1.02019e-06 0.0268737 0.000797458 0.0286602 9.6957e-07 7.0477e-07 0.000302153 0.045206 0.000410584 0.735927 0.00853543 0.125251 0.000156426 0.000691116 0.0253892 0.00068592 0.000141099 9.47852e-07
0.0694095 0.840268 3.43017e-05 0.00170602 0.0076885 2.20578e-05 0.0029487 3.41814e-07 0.000190266 0.00592534 5.47115e-07 3.21559e-07 0.0100728 0.001377 0.00213317 0.00297678 0.0261582 0.0191035 0.00995004 3.50812e-05
1.26152e-06 1.09046e-06 1.33543e-06 0.000239841 1.20464e-06 0.99823 0.000119755 9.22547e-07 1.29012e-06 1.2244e-06 0.000552896 8.67879e-07 1.16084e-06 0.000608661 0.000232323 1.20015e-06 1.18485e-06 1.03615e-06 1.09718e-06 1.24074e-06
0.0121515 7.79297e-06 0.00612033 9.13107e-06 8.60896e-06 0.981591 9.07011e-06 6.59296e-06 9.21981e-06 8.75012e-06 1.05529e-05 6.20228e-06 8.29591e-06 4.36373e-06 7.14802e-06 8.57685e-06 8.46749e-06 7.40485e-06 7.841e-06 8.86693e-06
1.3935e-05 0.973674 1.47515e-05 1.41138e-05 1.33068e-05 0.00250681 1.40196e-05 1.01907e-05 1.4251e-05 1.3525e-05 1.63115e-05 9.58682e-06 0.00927646 6.74499e-06 1.10486e-05 1.32572e-05 1.30881e-05 1.14456e-05 0.0143396 1.37056e-05
5.21956e-06 4.51182e-06 5.5254e-06 5.28653e-06 4.98425e-06 2.85072e-06 5.25124e-06 3.81707e-06 5.33791e-06 5.06598e-06 6.10969e-06 3.59088e-06 4.80301e-06 0.00151838 0.00207335 4.96566e-06 4.90235e-06 0.996326 4.53964e-06 5.13361e-06
0.00132059 3.07222e-05 1.27123e-05 2.34252e-07 0.0741279 2.57485e-05 0.00166164 0.000122398 0.857139 1.81124e-05 0.0033189 0.00646838 0.0248884 0.0110584 0.00806159 0.00516545 0.00236054 6.17228e-05 0.00111849 0.00303942
3.92634e-06 3.39395e-06 4.1564e-06 0.011349 3.74933e-06 0.274761 3.95016e-06 2.87133e-06 0.000557435 3.8108e-06 4.59592e-06 0.00046259 3.61299e-06 0.706396 0.00600358 3.73534e-06 3.68771e-06 0.000421553 3.41487e-06 3.86168e-06
0.00125039 3.00444e-06 0.00132365 3.52031e-06 0.000461281 1.8983e-06 0.00135447 0.985001 3.55453e-06 0.00354095 0.00101453 2.39117e-06 3.19834e-06 0.00134805 0.00266448 0.00201082 3.26448e-06 2.8548e-06 3.02296e-06 3.41848e-06
0.814873 3.39266e-06 0.00285849 3.9752e-06 3.7479e-06 0.000657643 3.94866e-06 2.87024e-06 0.092394 0.000513445 4.59417e-06 2.70015e-06 3.61161e-06 0.0886541 3.11188e-06 3.73392e-06 3.68631e-06 3.22369e-06 3.41357e-06 3.86021e-06
6.96312e-07 0.000843256 0.000885272 0.573365 0.000266634 3.80298e-07 7.00538e-07 0.000102352 0.000641602 0.00473144 8.15059e-07 0.00100646 6.40742e-07 0.00249441 0.000607845 6.6244e-07 0.413063 5.7192e-07 6.05607e-07 0.00198674
5.90042e-05 1.07311e-05 8.11948e-07 0.0317853 1.51941e-05 4.18908e-07 0.0249483 0.0171249 0.000300676 0.000564832 0.0025303 0.000154235 7.05794e-07 0.921926 6.08135e-07 0.000518101 7.20391e-07 5.80301e-05 6.67091e-07 7.54375e-07
0.000108146 1.78945e-06 2.19145e-06 2.09671e-06 1.97683e-06 0.33205 2.08272e-06 1.5139e-06 2.11709e-06 2.00924e-06 0.000428676 1.42419e-06 0.332833 0.334553 1.64136e-06 1.96945e-06 1.94434e-06 1.70033e-06 1.80048e-06 2.03606e-06
1.10006e-06 0.00019387 0.000675609 0.028146 1.05047e-06 0.221362 0.243566 8.04473e-07 1.125e-06 1.06769e-06 0.0127694 0.0117368 1.01227e-06 0.0900149 8.72202e-07 1.04655e-06 0.00021065 0.00919603 0.38212 1.08194e-06
0.000293933 0.0227379 3.9567e-07 3.78565e-07 0.0129916 2.04138e-07 0.00877079 2.73337e-07 0.201162 6.98366e-05 0.000381709 0.000134897 0.104208 0.0989785 0.0107533 0.0487677 0.00965022 0.355483 5.53081e-06 0.12561
1.45647e-06 1.25898e-06 1.54181e-06 0.000242768 0.996188 7.95467e-07 0.00175116 1.06512e-06 1.48949e-06 0.000534456 0.000698865 0.000567751 1.34024e-06 7.04977e-07 1.15479e-06 1.38562e-06 1.36795e-06 1.19628e-06 1.26674e-06 1.43249e-06
0.00507227 0.000139691 4.75871e-05 2.88187e-05 9.11522e-07 5.15857e-05 0.00104373 3.62196e-05 9.76199e-07 7.51748e-05 0.00404449 0.000105183 8.78375e-07 0.98216 7.48879e-05 9.12484e-05 0.00196756 0.00486348 0.000194415 9.38836e-07
6.9314e-06 5.99155e-06 0.964159 7.02034e-06 6.61892e-06 0.0212035 6.97347e-06 5.06894e-06 7.08857e-06 6.72745e-06 8.11347e-06 4.76857e-06 6.37824e-06 0.0073844 0.0071499 6.59423e-06 6.51015e-06 5.69315e-06 6.02849e-06 6.81726e-06
2.29582e-06 1.98453e-06 2.43035e-06 0.000932437 2.19232e-06 1.25389e-06 2.30976e-06 1.67894e-06 0.991512 2.22827e-06 0.00188383 0.0025287 2.1126e-06 0.0031126 1.82029e-06 2.18414e-06 2.1563e-06 1.88569e-06 1.99676e-06 2.25802e-06
4.87205e-07 0.00591685 0.00718957 4.93456e-07 4.65241e-07 0.00287391 4.90161e-07 0.000485261 0.00889521 1.71705e-05 0.00428106 4.04534e-05 0.0167479 0.936712 0.00324996 4.63505e-07 0.00157484 0.012013 4.23739e-07 4.79182e-07
0.0160135 7.68585e-06 9.41247e-06 9.00556e-06 8.49063e-06 4.85617e-06 0.0071653 6.50234e-06 9.09309e-06 8.62985e-06 1.04078e-05 6.11703e-06 8.18188e-06 4.30375e-06 7.04978e-06 0.00423794 8.3511e-06 7.30307e-06 7.73323e-06 0.97246
3.91096e-07 3.38066e-07 4.14012e-07 3.96114e-07 3.73464e-07 2.13601e-07 3.07629e-05 2.86008e-07 3.99963e-07 3.79588e-07 4.57792e-07 2.6906e-07 3.59884e-07 3.42818e-05 3.10087e-07 0.999929 3.67327e-07 3.21229e-07 3.4015e-07 3.84655e-07
0.0323163 1.59708e-06 0.000374808 0.000247125 1.76431e-06 7.3146e-05 0.00206411 3.50706e-05 0.000646332 0.000148039 0.000146089 1.27109e-06 0.869034 0.0102873 0.000350538 1.75773e-06 0.000211051 0.0839206 1.60693e-06 0.000137865
0.00176122 8.13893e-06 0.000337224 9.53644e-06 0.00178022 5.14244e-06 9.47277e-06 0.000534396 9.62912e-06 9.13857e-06 1.10213e-05 0.000786302 0.00285338 0.00249847 0.000987902 0.00147948 8.8434e-06 0.00161587 8.1891e-06 0.985286
2.96513e-07 2.56308e-07 0.00103614 0.00033065 0.000198486 0.0004698 2.98313e-07 2.1684e-07 3.03237e-07 2.87788e-07 3.4708e-07 0.000795771 0.000191268 0.995383 0.000470426 2.8209e-07 0.000585113 0.000536037 2.57888e-07 2.91631e-07
1.23681e-07 6.57519e-05 0.00011268 1.25268e-07 1.18105e-07 0.0761732 1.24432e-07 0.923477 1.26486e-07 0.000169648 1.44774e-07 8.50884e-08 1.13811e-07 5.98656e-08 9.8063e-08 1.17665e-07 1.16165e-07 1.01586e-07 1.0757e-07 1.21645e-07
2.07636e-07 8.09289e-05 2.19803e-07 2.10301e-07 0.0430373 0.20954 2.08897e-07 1.51845e-07 0.000267707 0.000272204 2.43046e-07 0.264695 0.000344034 0.157109 1.64628e-07 0.0161176 0.00012303 0.000844178 0.307568 2.04217e-07
0.001387 0.000977426 3.41064e-06 0.991997 0.00024778 0.00229694 3.24141e-06 2.35614e-06 3.29491e-06 3.12705e-06 3.7713e-06 0.00102473 2.96473e-06 0.00101865 2.55451e-06 3.06513e-06 0.00101389 2.64629e-06 2.80216e-06 3.1688e-06
1.43269e-05 1.23843e-05 1.51664e-05 1.45107e-05 1.3681e-05 0.949155 1.44138e-05 1.04773e-05 1.46517e-05 1.39053e-05 0.0134329 0.0236653 0.00660495 0.00694161 1.13593e-05 1.363e-05 1.34562e-05 1.17675e-05 1.24606e-05 1.4091e-05
0.00549643 9.9591e-05 0.000557669 8.94971e-07 0.00766879 0.00118219 8.88996e-07 6.46202e-07 9.03669e-07 8.57632e-07 0.0210523 6.07909e-07 8.13114e-07 0.000109838 0.0460315 8.40649e-07 8.29931e-07 0.902135 0.0156587 8.69082e-07
0.0288217 2.57132e-07 0.0404537 0.000138018 8.95933e-05 0.00331442 1.77628e-05 0.0113959 0.00220387 0.883137 3.48196e-07 0.00219041 5.61789e-05 5.88264e-05 0.0267485 0.000116229 3.5603e-05 0.00015388 0.000225819 0.000842204
2.98165e-06 2.57736e-06 3.15636e-06 3.0199e-06 2.84723e-06 1.62846e-06 2.99974e-06 2.18048e-06 3.04926e-06 0.997287 3.49013e-06 2.05127e-06 2.74369e-06 1.44321e-06 2.36406e-06 2.83661e-06 2.80044e-06 2.44899e-06 2.59324e-06 0.00266608
8.60842e-07 0.00014312 0.0573471 0.000122071 0.000372196 0.0819538 0.0531661 0.000408735 0.000298898 8.35512e-07 0.0334389 0.0686708 0.000235064 0.011084 0.0370126 0.0263648 8.08525e-07 0.223972 0.00575934 0.399648
1.63774e-07 0.000538097 0.000849687 0.000414855 0.000187825 0.000241597 1.64768e-07 6.00036e-05 1.67487e-07 0.0002068 1.91704e-07 0.000281789 0.000135784 0.488709 1.29851e-07 9.364e-05 0.50824 4.04895e-05 1.4244e-07 1.61077e-07
1.58464e-06 0.00245436 0.000859976 0.000426584 0.00080287 0.0364192 1.59426e-06 1.15885e-06 1.62057e-06 1.53801e-06 0.000563173 1.09018e-06 0.106804 0.0334015 1.25641e-06 1.50756e-06 1.48833e-06 0.818253 1.37822e-06 1.55855e-06
9.17878e-06 0.00105655 9.71661e-06 9.29655e-06 8.76498e-06 5.01309e-06 9.23448e-06 6.71245e-06 9.3869e-06 8.90869e-06 1.07441e-05 6.31468e-06 0.998332 4.44281e-06 4.16288e-05 8.73228e-06 8.62094e-06 9.65026e-05 7.98311e-06 0.000349922
0.138317 0.00815671 0.406671 1.13157e-05 0.00422622 0.0147746 0.139666 7.87462e-05 3.26187e-07 0.106559 7.90595e-05 0.00501276 0.14305 0.000141151 8.63063e-05 9.51461e-05 0.00254645 2.61975e-07 2.77406e-07 0.030527
0.0013004 8.68155e-07 0.150301 0.000369515 9.59058e-07 0.00106966 0.000692954 7.34471e-07 0.00164881 9.74783e-07 0.114288 0.000692236 9.24184e-07 0.000461427 7.96307e-07 9.5548e-07 9.43298e-07 0.729166 8.73506e-07 9.87797e-07
4.8232e-06 4.16921e-06 0.00102627 0.00977509 4.60576e-06 2.63424e-06 4.85247e-06 3.52721e-06 4.93257e-06 4.68128e-06 5.64574e-06 0.00232606 4.43828e-06 0.00583879 0.00726977 0.973702 4.53008e-06 3.96156e-06 4.19491e-06 4.74378e-06
8.98345e-07 0.0475074 9.50983e-07 9.09871e-07 0.0533482 4.9064e-07 9.03796e-07 6.5696e-07 0.00027856 0.000377296 1.05155e-06 0.0469158 8.26651e-07 0.0758912 0.774617 0.000346022 8.43748e-07 0.000566941 7.81322e-07 0.00014362
1.09302e-07 9.44811e-08 1.15706e-07 0.0600127 0.000250602 0.000113483 0.000187051 0.00029583 1.1178e-07 1.06085e-07 1.27942e-07 0.000150466 1.00579e-07 0.000153478 0.000130079 0.686849 0.000143825 0.251712 9.50635e-08 1.07502e-07
1.6425e-06 1.41978e-06 0.00136769 0.995141 1.56845e-06 0.00104449 1.65246e-06 1.20116e-06 1.67974e-06 1.59416e-06 0.00163819 1.12998e-06 1.51141e-06 7.95019e-07 0.000152802 1.5626e-06 1.54267e-06 0.000177987 0.000458444 1.61545e-06
1.10804e-06 4.99594e-05 0.000407608 0.00455382 0.0512019 0.00017134 0.00128868 0.0044175 0.0076378 1.07543e-06 0.0116667 0.00661221 4.1677e-05 0.848899 0.000923894 0.00114554 1.0407e-06 0.0288514 0.0302137 0.00191378
7.72272e-06 6.67557e-06 0.991662 7.8218e-06 7.37456e-06 4.21784e-06 7.76958e-06 5.64763e-06 7.89782e-06 7.49547e-06 0.00362493 5.31296e-06 0.00142838 3.73803e-06 6.1231e-06 7.34705e-06 7.25337e-06 0.00317789 6.71672e-06 7.59554e-06
2.33173e-06 0.000248171 0.00014433 0.000256851 2.22661e-06 0.00956972 0.0176281 1.70519e-06 0.0519654 0.117036 7.34774e-05 1.60415e-06 0.000817527 0.000108354 0.0931411 2.2183e-06 0.708085 0.000911667 2.02798e-06 2.29333e-06
0.000142323 7.64383e-07 9.36101e-07 8.95632e-07 0.000287345 0.000850214 0.000529121 6.46679e-07 0.000290196 8.58266e-07 1.03509e-06 0.557498 8.13715e-07 0.439898 7.01123e-07 8.41271e-07 8.30544e-07 0.000494978 7.69095e-07 8.69724e-07
4.69007e-07 4.05413e-07 4.96489e-07 0.000713009 4.47863e-07 0.00115295 4.71854e-07 0.000206134 9.6408e-05 0.00122952 0.000384843 0.00132323 4.31578e-07 0.709602 0.284103 4.46193e-07 0.00114575 3.89074e-05 4.07912e-07 4.61284e-07
5.36045e-06 4.63361e-06 0.991239 5.42923e-06 5.11879e-06 2.92767e-06 0.000192078 3.9201e-06 5.48199e-06 5.20272e-06 6.27461e-06 3.6878e-06 0.00427367 2.59462e-06 4.25013e-06 5.09969e-06 5.03467e-06 4.40284e-06 0.00422081 5.27218e-06
0.00191908 9.69553e-07 1.18736e-06 0.000199354 1.07107e-06 6.12595e-07 1.12845e-06 8.20256e-07 0.333782 1.08864e-06 0.331114 7.71649e-07 0.000662764 5.42908e-07 8.89313e-07 1.06708e-06 1.05347e-06 0.33231 9.75529e-07 1.10317e-06
6.179e-07 5.34117e-07 6.54106e-07 6.25828e-07 5.90044e-07 3.37473e-07 6.2165e-07 0.999989 6.31911e-07 5.99719e-07 7.23276e-07 4.25094e-07 5.68588e-07 2.99083e-07 4.89914e-07 5.87843e-07 5.80348e-07 5.07516e-07 5.3741e-07 6.07725e-07
9.31173e-06 8.04912e-06 0.00695732 9.4312e-06 8.89194e-06 0.987122 9.36824e-06 0.00267317 9.52286e-06 0.00311244 1.08997e-05 6.40615e-06 8.56859e-06 4.50717e-06 7.38298e-06 8.85876e-06 8.74581e-06 7.64824e-06 8.09874e-06 9.15839e-06
0.000769326 0.000252945 0.000178125 0.933808 0.00016068 1.3416e-06 2.47133e-06 1.79638e-06 2.51212e-06 2.38414e-06 2.87533e-06 1.68993e-06 2.26038e-06 1.18898e-06 0.00148093 2.33693e-06 0.000604673 0.0624314 0.000290556 2.41597e-06
0.0010767 5.81329e-07 0.00106859 0.000545598 0.00167036 0.00146958 0.00108324 4.91813e-07 6.87766e-07 6.52729e-07 0.000787994 4.62669e-07 6.18847e-07 3.25519e-07 0.0038397 0.0024319 6.31646e-07 0.00138149 0.98464 6.61443e-07
0.000134916 5.74114e-07 7.03088e-07 6.72692e-07 0.00244885 0.072787 9.82657e-06 4.85603e-05 0.00156197 0.00355671 7.77437e-07 0.0465803 0.000143014 0.106099 0.045828 6.31863e-07 9.64881e-05 0.713813 0.00688823 6.53234e-07
0.000197865 0.0133905 0.0405835 0.00306323 0.00559768 0.00547265 0.80274 1.94582e-05 0.00313543 0.00830023 5.24089e-07 0.000128201 0.000278265 3.7142e-05 0.0607469 0.0044137 0.0387862 0.00296986 3.8941e-07 0.0101387
0.000992199 9.98914e-07 1.22332e-06 1.17043e-06 1.10351e-06 0.207929 1.16262e-06 8.13729e-05 1.18181e-06 0.00115804 1.35268e-06 0.000410819 1.06338e-06 0.718217 0.000378953 0.000734415 1.08537e-06 9.49164e-07 0.000277463 0.0698094
3.67407e-06 0.530481 3.88935e-06 3.72121e-06 3.50843e-06 0.236366 0.000725624 0.000188773 3.75737e-06 3.56596e-06 0.00020287 0.0114504 0.00121317 0.000289166 0.0268671 0.0313832 0.156651 0.000455854 0.00369978 3.61357e-06
2.4368e-05 2.10639e-05 2.57959e-05 0.999591 2.32695e-05 1.33088e-05 2.45159e-05 1.78203e-05 2.49205e-05 2.3651e-05 2.85237e-05 1.67644e-05 2.24233e-05 1.17949e-05 1.93206e-05 2.31827e-05 2.28871e-05 2.00148e-05 2.11937e-05 2.39667e-05
0.744284 0.144701 3.64365e-06 3.48613e-06 0.00126581 0.000256736 3.46285e-06 2.51711e-06 3.52001e-06 0.00636819 4.02895e-06 0.101108 3.16727e-06 0.000792193 0.000866012 3.27453e-06 3.23278e-06 0.000322219 2.9936e-06 3.38528e-06
7.61009e-07 6.57822e-07 0.000125821 0.000141723 0.0187431 7.64227e-05 7.65628e-07 5.56527e-07 7.78264e-07 0.00346059 8.9079e-07 5.23548e-07 0.000378477 3.68352e-07 0.00027556 2.31471e-05 0.0103697 6.25059e-07 0.966399 7.48477e-07
2.10443e-06 1.81909e-06 2.22774e-06 2.13143e-06 2.00956e-06 1.14936e-06 2.1172e-06 0.00028803 0.0493486 2.04251e-06 2.46332e-06 1.44778e-06 0.0526958 1.01861e-06 0.00133689 2.00206e-06 1.97654e-06 1.72849e-06 0.00033471 0.89597
3.71531e-06 3.21154e-06 3.93301e-06 3.76298e-06 3.54782e-06 2.02916e-06 3.73786e-06 2.71701e-06 3.79955e-06 3.60599e-06 4.34891e-06 2.55601e-06 3.41881e-06 1.79833e-06 2.94576e-06 0.999937 3.48952e-06 3.05159e-06 3.23134e-06 3.65413e-06
0.000112662 0.0002676 1.48894e-07 0.342353 1.34311e-07 7.68186e-08 1.41506e-07 1.02859e-07 1.43841e-07 0.000163953 1.64639e-07 7.75079e-05 0.000116614 0.446994 1.11519e-07 1.3381e-07 0.0477557 1.15525e-07 1.2233e-07 0.162158
0.00041108 1.63656e-06 2.00421e-06 1.91757e-06 1.80792e-06 0.222156 0.377937 0.000200877 4.84322e-05 0.168222 0.000640925 0.0829408 1.74218e-06 0.145644 1.50112e-06 1.80118e-06 0.00130482 1.55505e-06 1.64665e-06 0.000478901
3.58032e-06 3.09485e-06 3.79011e-06 3.62626e-06 3.41891e-06 1.95543e-06 3.60205e-06 0.999939 3.6615e-06 3.47497e-06 4.1909e-06 2.46314e-06 3.29459e-06 1.73299e-06 2.83872e-06 3.40616e-06 3.36273e-06 2.94072e-06 3.11393e-06 3.52136e-06
2.79822e-06 2.4188e-06 0.0284473 0.00412134 2.74158e-05 0.00190012 6.47296e-05 0.955125 0.0048545 0.00197606 3.27542e-06 1.92508e-06 2.5749e-06 0.00127652 4.78671e-06 0.00129217 2.62816e-06 2.29833e-06 0.000886594 5.93779e-06
5.04557e-06 0.000667245 5.34121e-06 5.1103e-06 4.8181e-06 2.75569e-06 5.07619e-06 3.68983e-06 5.15997e-06 4.8971e-06 0.00705157 0.000574643 0.00459148 0.984396 0.00132053 4.80013e-06 4.73892e-06 4.1442e-06 0.00133833 4.96248e-06
1.95126e-06 0.000177306 2.06559e-06 0.0382503 0.000220123 0.110872 3.45263e-05 0.000750897 0.000636398 0.0679475 2.28402e-06 0.061519 1.79553e-06 0.0909769 0.000324821 0.0626042 7.33903e-05 0.000680959 0.0369618 0.527962
0.00294764 3.40657e-06 0.0010688 0.00688432 3.76326e-06 2.15238e-06 3.96485e-06 2.882e-06 4.03029e-06 3.82497e-06 4.61301e-06 0.00202788 0.00375424 1.90753e-06 3.12464e-06 3.74922e-06 3.70142e-06 0.981932 3.42756e-06 0.00134014
1.1534e-05 9.97005e-06 1.22098e-05 1.1682e-05 1.1014e-05 0.00126618 1.1604e-05 8.43481e-06 1.17955e-05 1.11946e-05 1.3501e-05 7.93498e-06 1.06135e-05 5.58281e-06 9.14493e-06 0.998546 1.0833e-05 9.4735e-06 1.00315e-05 1.1344e-05
1.0255e-06 0.95938 1.08558e-06 3.23861e-05 9.79264e-07 5.60085e-07 0.000243884 7.49946e-07 0.000570787 9.9532e-07 0.000430282 0.000117816 9.43655e-07 0.000352331 0.038591 9.75611e-07 0.000165299 8.42297e-07 8.91909e-07 0.000107551
6.2422e-05 0.583283 2.19533e-07 0.000168244 0.000297248 0.412744 0.000271441 1.51659e-07 0.000233505 2.0128e-07 2.42748e-07 0.000984578 1.90832e-07 0.000592339 0.00034546 1.97294e-07 0.000526096 1.70334e-07 1.80367e-07 0.000489725
0.225585 0.0857057 0.000985523 0.00576074 0.206702 0.0848725 0.0284882 3.84754e-06 5.79729e-05 0.000109592 0.00334776 0.000164364 0.0013536 0.058454 0.229743 0.000132791 0.00579331 7.54627e-05 0.0123722 0.0502925
1.09206e-06 9.43983e-07 0.000644412 0.941428 1.04283e-06 0.000114267 0.0207621 7.98623e-07 1.11682e-06 1.05992e-06 0.000260368 7.51298e-07 1.00491e-06 5.2859e-07 5.58716e-05 1.03894e-06 0.0160186 0.0207053 9.49801e-07 1.07407e-06
2.66465e-07 0.000391797 2.82078e-07 2.69884e-07 2.54452e-07 4.38054e-05 2.68082e-07 1.94866e-07 2.72507e-07 0.217763 3.11907e-07 1.85152e-05 2.45199e-07 0.000593423 0.780648 2.53503e-07 7.53314e-05 2.18862e-07 0.000463739 2.62077e-07
1.41395e-06 0.917166 0.00108612 1.43209e-06 1.35021e-06 0.0016096 0.0010715 0.00187424 0.000726607 1.37235e-06 0.000472087 9.72749e-07 1.30111e-06 6.84396e-07 1.12108e-06 0.000245034 1.32802e-06 0.00174167 0.000104015 0.0738918
0.000698558 3.46565e-05 2.05394e-06 0.000427029 1.85278e-06 0.000296977 1.95203e-06 1.41891e-06 1.98425e-06 0.000975435 0.997433 1.33483e-06 1.78541e-06 0.000111741 1.53837e-06 1.84587e-06 1.82234e-06 1.59364e-06 1.68751e-06 1.9083e-06
2.45767e-06 0.000427009 2.60168e-06 0.00547873 0.00117578 1.34228e-06 2.47258e-06 1.79729e-06 2.51339e-06 2.38535e-06 0.988184 1.69079e-06 2.26153e-06 0.0014287 1.94861e-06 0.00327571 2.30831e-06 2.01862e-06 2.13752e-06 2.4172e-06
0.00020182 0.000174455 0.000213646 0.00020441 0.000192722 0.000110226 0.000203045 0.000147591 0.000206396 0.000195882 0.000236238 0.000138845 0.000185714 0.996508 0.000160017 0.000192003 0.000189555 0.000165766 0.00017553 0.000198497
3.58083e-07 3.09529e-07 3.79064e-07 0.00029472 0.0358761 0.0382741 5.81441e-05 0.915289 3.66202e-07 5.37253e-05 0.00839347 7.20888e-05 0.00143195 5.57743e-05 2.83913e-07 3.72061e-05 2.48566e-05 2.94113e-07 7.33338e-05 6.38728e-05
6.43099e-06 0.00865542 0.320869 6.5135e-06 6.14107e-06 0.00130845 0.00361216 4.70299e-06 0.00122831 0.318163 7.52772e-06 0.336056 5.91776e-06 0.0023161 0.0033203 6.11816e-06 0.00141926 5.28213e-06 0.00299731 6.32509e-06
2.34617e-06 2.02805e-06 2.48365e-06 2.37627e-06 0.000204011 0.875559 1.65323e-05 1.71576e-06 6.00224e-05 0.0559812 0.000353649 0.0482997 0.000222517 0.00017841 0.00953305 2.23204e-06 2.20358e-06 0.00957194 2.04055e-06 2.30754e-06
0.000225999 0.0157609 0.000172318 0.000364655 7.50114e-07 4.26986e-05 0.0207656 5.74456e-07 0.0139682 0.000376263 0.832432 0.0846462 7.22837e-07 0.0192676 0.000241639 0.000171351 0.00418595 0.00692463 0.000144892 0.000307283
5.54988e-07 0.0124182 0.0191502 0.00595536 5.29968e-07 0.0330619 7.58381e-05 0.877751 4.55806e-05 5.38657e-07 3.67145e-05 0.017575 0.0119227 0.0107776 0.00597649 9.89604e-06 3.16463e-05 0.00403921 7.54205e-05 0.00109577
0.0697369 0.00125193 0.00100771 1.53612e-06 0.213224 0.000280333 1.52587e-06 1.10914e-06 1.55105e-06 1.47204e-06 1.77531e-06 0.70982 1.39563e-06 0.00243118 1.20252e-06 0.000244341 1.42449e-06 0.000700269 0.0010376 0.000252605
2.6812e-06 2.31765e-06 2.8383e-06 0.00106534 2.56032e-06 0.0058748 2.69747e-06 0.945321 0.000405097 0.0420146 3.13844e-06 0.00076874 2.46722e-06 1.29778e-06 2.12584e-06 0.00374551 2.51825e-06 0.000433067 0.000344515 2.63705e-06
2.1884e-06 1.89167e-06 2.31663e-06 0.0970529 0.773703 0.0452394 2.20168e-06 1.60038e-06 2.23802e-06 2.12401e-06 0.0828566 1.50554e-06 2.01375e-06 1.05925e-06 1.73512e-06 2.08195e-06 2.0554e-06 1.79746e-06 0.00111922 2.15236e-06
2.93877e-05 0.000500498 0.000790128 0.00910532 0.0544699 0.0159103 7.70964e-07 5.62009e-05 0.0952573 0.000192743 8.96999e-07 0.00014954 0.0298579 0.0409157 0.153101 0.0120934 0.559354 3.81248e-05 0.00126169 0.0269157
0.977758 0.00780786 5.94037e-06 0.00114854 5.35858e-06 0.000516629 0.00492497 4.10374e-06 5.7388e-06 5.44644e-06 6.56854e-06 3.86056e-06 5.16372e-06 0.0015502 0.00403041 5.33859e-06 0.00106507 0.000159076 0.000986271 5.51915e-06
0.000201252 0.00639117 0.0130904 0.00024052 0.00946361 0.742303 2.04463e-06 1.48622e-06 2.07838e-06 0.00968877 0.000955217 1.39815e-06 0.000168525 0.1811 0.000331881 1.93344e-06 0.000308093 0.0356206 1.76756e-06 0.000126687
2.70113e-05 2.33488e-05 2.85941e-05 2.73579e-05 2.57936e-05 1.47525e-05 2.71753e-05 0.999539 2.76238e-05 2.62165e-05 3.16178e-05 1.85829e-05 2.48557e-05 1.30743e-05 2.14165e-05 2.56974e-05 2.53697e-05 2.21859e-05 2.34927e-05 2.65665e-05
3.25032e-05 2.8096e-05 3.44077e-05 3.29202e-05 3.10379e-05 1.77519e-05 3.27004e-05 0.0119085 3.32402e-05 3.15468e-05 3.80462e-05 2.23611e-05 2.99092e-05 1.57325e-05 0.0129111 3.09221e-05 3.05278e-05 2.66967e-05 0.00285518 0.971857
1.61251e-06 0.000677173 0.00109252 0.00135838 1.53982e-06 0.00110391 0.992971 0.000239395 1.64907e-06 0.000633882 1.8875e-06 1.10935e-06 1.48382e-06 0.000499542 0.000672785 1.53407e-06 0.000735786 1.32444e-06 1.40246e-06 1.58596e-06
0.117228 4.46538e-05 9.21324e-08 3.36834e-05 0.00172005 0.396969 0.0135222 5.34919e-05 0.0155144 2.56227e-05 0.0188091 0.100848 0.00590395 0.188777 0.0229892 3.2625e-05 8.17433e-08 0.084875 0.0326174 3.63164e-05
7.11677e-06 0.00062133 7.53378e-06 7.20809e-06 6.79594e-06 3.8869e-06 7.15997e-06 0.999263 7.27814e-06 6.90736e-06 8.33045e-06 4.89609e-06 6.54881e-06 3.44474e-06 5.64267e-06 6.77058e-06 6.68426e-06 5.8454e-06 6.18971e-06 6.99958e-06
2.69145e-06 2.32651e-06 0.973166 0.000251513 2.57011e-06 0.00319001 2.70778e-06 1.96826e-06 2.75248e-06 2.61225e-06 0.000520599 1.85162e-06 0.000398033 0.0222476 2.13397e-06 2.56053e-06 2.52788e-06 2.21064e-06 9.24759e-05 0.000104576
0.000770758 0.20834 0.0616457 0.298515 0.00140605 0.000629544 0.000683564 0.000118039 0.0329154 0.0999149 1.79004e-06 1.05207e-06 0.000825285 0.0975618 0.0979497 0.0959047 0.000140238 1.25606e-06 0.00242011 0.000255865
7.94559e-05 0.0146942 0.000263238 0.000121888 0.00015045 0.000142921 0.000274933 2.95499e-05 0.000174437 0.00903959 0.0176542 0.0033328 0.000304293 0.02359 0.892024 1.29278e-06 1.27629e-06 0.038066 1.59628e-05 3.9742e-05
8.45109e-07 0.000446852 8.94628e-07 8.55952e-07 5.68331e-05 4.61565e-07 8.50238e-07 6.18029e-07 8.64271e-07 0.769517 9.89232e-07 5.81406e-07 7.77664e-07 0.00213767 0.226574 8.03999e-07 0.000647108 0.00061021 7.35021e-07 8.31192e-07
0.00414834 5.76164e-05 0.000863631 0.904413 0.00015414 0.00274938 0.000139377 2.85106e-07 0.0047889 4.1498e-05 4.56347e-07 6.36281e-05 0.00014337 0.00854963 0.0632524 3.70896e-07 0.000112393 5.83108e-06 0.00369734 0.00681852
1.5399e-06 0.0137863 1.63013e-06 1.55966e-06 2.62385e-05 8.41031e-07 0.000222159 1.12613e-06 0.000160727 0.0161398 1.80251e-06 9.02796e-05 0.000462048 0.00386741 4.70165e-05 1.46499e-06 1.44631e-06 0.965151 1.3393e-06 3.38635e-05
0.000363341 2.28602e-07 0.00356008 2.67855e-07 6.0404e-05 0.00491655 0.0101719 0.00146339 0.00813433 2.5668e-07 3.09562e-07 0.0573462 4.99269e-05 0.883254 2.09683e-07 0.025481 7.01292e-05 1.9927e-05 2.30012e-07 0.00510735
3.74729e-05 0.00174718 0.00179293 3.21103e-05 0.0055117 0.000958721 0.000134878 0.00127581 0.0126711 0.00749175 6.0536e-05 0.0165931 0.000639295 0.937681 1.39035e-05 0.0027903 0.00364763 0.000420954 0.00648728 1.25945e-05
0.946565 1.93122e-05 1.96585e-07 1.88087e-07 0.0056653 0.00563978 0.00448307 1.35805e-07 1.89915e-07 0.00928031 2.17373e-07 0.000896426 1.70884e-07 0.00172916 0.0203193 4.76411e-05 0.00412471 1.52529e-07 4.20122e-05 0.00118628
0.00498958 0.000496806 0.00102366 2.23847e-07 0.0129791 0.000752171 0.000382741 6.49168e-05 0.00284508 2.14508e-07 0.00171825 1.52048e-07 0.00215155 0.00906934 0.0106043 2.1026e-07 0.946927 0.00152747 0.001164 0.00330313
4.80454e-06 4.15307e-06 5.08606e-06 4.86618e-06 0.00963925 2.62405e-06 0.00435516 3.51356e-06 4.91348e-06 4.66316e-06 5.62389e-06 0.731476 4.4211e-06 2.32554e-06 0.000384746 0.0105175 0.228339 0.0110534 0.00418285 4.72542e-06
0.00106626 0.000341038 0.00189908 0.00130672 0.00133892 0.194671 2.71118e-06 0.000411332 0.0345706 0.00168685 0.00637931 0.00150376 0.000157009 1.30438e-06 0.000978552 2.56374e-06 0.753216 0.000461985 2.34378e-06 2.65045e-06
0.000231253 0.000166865 0.814376 0.000427739 0.0284507 0.0185067 0.000463328 1.44284e-06 2.1622e-05 0.00015076 0.0149961 0.000594822 1.81552e-06 0.102855 0.000335942 0.0180904 1.85307e-06 1.62051e-06 1.71596e-06 0.000324406
7.38072e-06 0.00638632 7.81319e-06 7.47541e-06 7.04798e-06 4.03105e-06 7.42551e-06 0.0010849 0.0068008 7.16354e-06 8.63941e-06 5.07768e-06 0.96103 0.00929207 5.85194e-06 0.00422003 0.0110983 6.06219e-06 6.41927e-06 7.25917e-06
4.80158e-05 0.0247773 7.56316e-07 0.000694606 9.76019e-05 3.90206e-07 7.18789e-07 3.76342e-05 0.000234273 0.971715 8.36294e-07 0.000367073 6.57435e-07 0.000909192 0.000221865 6.79698e-07 0.000167493 5.8682e-07 6.21384e-07 0.000724426
0.00026842 0.000242565 1.29099e-07 1.23518e-07 1.16456e-07 0.309353 7.37388e-05 8.91847e-08 0.145085 0.000343378 0.00027137 0.161407 0.232656 0.149545 0.000551248 8.13308e-05 1.14542e-07 0.000120301 1.06067e-07 1.19945e-07
1.83171e-06 1.58335e-06 0.000190456 1.85522e-06 1.74914e-06 1.00041e-06 0.000209914 0.000109371 1.40146e-05 9.39607e-05 2.14409e-06 0.982351 1.68553e-06 0.0163858 0.00020854 0.000125984 0.000140468 1.50449e-06 0.000155772 1.80155e-06
3.65719e-07 3.1613e-07 0.0316405 7.25962e-05 0.665472 0.0643996 1.82374e-05 2.62456e-05 0.000423113 0.000110742 0.00389829 0.0909535 0.000193915 0.0258775 6.96563e-05 3.47928e-07 0.0814772 4.96575e-05 0.0353156 3.59696e-07
0.00107908 4.03277e-06 4.93873e-06 4.72522e-06 4.45504e-06 2.54804e-06 4.69367e-06 3.41178e-06 4.77114e-06 0.000811135 0.000536072 0.00109471 4.29304e-06 2.25818e-06 0.00156546 4.43842e-06 0.000359178 0.99345 0.0010554 4.58853e-06
0.0185987 1.12257e-06 0.000934069 0.000193356 0.000155609 0.207253 1.30654e-06 9.49707e-07 1.3281e-06 0.00157999 1.52012e-06 1.47952e-05 1.19501e-06 0.56999 0.000301697 1.23548e-06 0.000179304 0.200486 0.00013396 0.000170264
5.61973e-07 4.85773e-07 0.00162533 8.43292e-05 5.36638e-07 3.25691e-05 5.65384e-07 4.10971e-07 5.74715e-07 5.45437e-07 6.57811e-07 7.35362e-05 5.17124e-07 2.72012e-07 4.45571e-07 0.997963 5.27819e-07 0.000213941 4.88768e-07 5.52719e-07
2.88767e-06 2.49612e-06 3.05687e-06 2.92471e-06 0.000419035 1.57713e-06 2.90519e-06 0.999534 2.95314e-06 2.8027e-06 3.38012e-06 1.98661e-06 2.65721e-06 1.39772e-06 2.28954e-06 2.7472e-06 2.71217e-06 2.3718e-06 2.5115e-06 2.84011e-06
7.69303e-06 0.00266661 0.00652318 7.79173e-06 7.34621e-06 0.976463 7.73971e-06 0.0112574 7.86746e-06 7.46666e-06 9.00498e-06 5.29254e-06 7.07907e-06 3.72366e-06 6.09956e-06 0.00147108 7.22549e-06 6.31871e-06 6.69089e-06 0.00152084
0.0697596 0.0301754 1.43015e-07 0.0325203 1.29009e-07 0.358081 1.35919e-07 5.66081e-05 0.0156802 0.00884331 4.57923e-05 0.185915 0.0187536 0.279667 8.38679e-05 9.81464e-05 0.000120961 1.10965e-07 0.000156933 4.23109e-05
0.00130752 0.258689 0.000159921 0.00705839 8.03118e-07 0.179105 0.0163941 0.000953549 0.00873252 0.0763603 9.84461e-07 0.325572 2.759e-05 0.11375 0.00684118 0.0019408 0.000556552 0.000107419 0.00244157 8.27184e-07
0.00259697 0.00799518 0.8443 5.83188e-05 0.0013774 0.000488708 0.068822 3.02267e-07 4.227e-07 0.00259942 0.00291193 0.0123924 0.011899 2.00064e-07 0.000395947 0.00524276 0.00144525 0.0286424 2.40356e-05 0.00880738
0.404487 0.338334 0.00488773 7.47767e-05 7.46357e-05 0.0140965 0.0341665 0.00153242 0.000121316 5.9544e-07 7.18116e-07 0.00662487 5.64532e-07 0.039217 4.86419e-07 8.3764e-06 0.00421506 0.0576709 0.0944853 6.0339e-07
0.000724249 7.01902e-06 8.59583e-06 6.40179e-05 7.75397e-06 0.994498 8.16932e-06 5.93819e-06 8.30415e-06 7.8811e-06 9.50481e-06 0.00186259 7.47201e-06 0.000803842 6.43812e-06 7.72504e-06 0.000628495 0.0013188 7.06228e-06 7.98632e-06
0.0128611 1.15469e-05 4.48963e-07 8.59515e-05 6.01011e-05 0.00732833 4.26686e-07 0.9777 0.000587191 1.71496e-05 0.000133417 0.000986479 3.90265e-07 7.60375e-05 3.36265e-07 4.03481e-07 9.8496e-05 3.48347e-07 2.56928e-05 2.61908e-05
1.17446e-05 3.01994e-07 0.00956806 0.150439 3.33615e-07 0.0277396 3.66182e-05 2.55491e-07 3.57287e-07 0.0199341 6.7102e-05 0.73785 3.21484e-07 0.0533562 0.000372708 0.000494246 6.80424e-05 2.86953e-07 5.97691e-05 3.43612e-07
8.77603e-07 0.000118945 0.0140885 0.00408482 6.0577e-05 7.10918e-05 0.000193895 6.41792e-07 8.97502e-07 8.51779e-07 0.0399829 0.0618554 0.0128151 0.000100269 0.000383556 6.43188e-05 7.525e-05 0.865735 7.63282e-07 0.000365935
